0 0 100
1 100 100
2 200 100
3 300 40
4 340 40
5 380 40
6 420 40
7 460 40
8 500 40
9 540 40
10 580 40
11 620 40
12 660 40
13 700 40
14 740 40
15 780 40
16 820 40
17 860 40
18 900 40
19 940 40
20 980 40
21 1020 40
22 1060 40
23 1100 40
24 1140 40
25 1180 40
26 1220 40
27 1260 40
28 1300 40
29 1340 40
30 1380 40
31 1420 40
32 1460 40
33 1500 40
34 1540 40
35 1580 40
36 1620 40
37 1660 40
38 1700 40
39 1740 40
40 1780 40
41 1820 40
42 1860 40
43 1900 40
44 1940 40
45 1980 40
46 2020 40
47 2060 40
48 2100 40
49 2140 40
50 2180 40
51 2220 40
52 2260 40
53 2300 40
54 2340 40
55 2380 40
56 2420 40
57 2460 40
58 2500 40
59 2540 40
60 2580 40
61 2620 40
62 2660 40
63 2700 40
64 2740 40
65 2780 40
66 2820 40
67 2860 40
68 2900 40
69 2940 40
70 2980 40
71 3020 40
72 3060 40
73 3100 40
74 3140 40
75 3180 40
76 3220 40
77 3260 40
78 3300 40
79 3340 40
80 3380 40
81 3420 40
82 3460 40
83 3500 40
84 3540 40
85 3580 40
86 3620 40
87 3660 40
88 3700 40
89 3740 40
90 3780 40
91 3820 40
92 3860 40
93 3900 40
94 3940 40
95 3980 40
96 4020 40
97 4060 40
98 4100 40
99 4140 40
100 4180 40
101 4220 40
102 4260 40
103 4300 40
104 4340 40
105 4380 40
106 4420 40
107 4460 40
108 4500 40
109 4540 40
110 4580 40
111 4620 40
112 4660 40
113 4700 40
114 4740 40
115 4780 40
116 4820 40
117 4860 40
118 4900 40
119 4940 40
120 4980 40
121 5020 40
122 5060 40
123 5100 40
124 5140 40
125 5180 40
126 5220 40
127 5260 40
128 5300 40
129 5340 40
130 5380 40
131 5420 40
132 5460 40
133 5500 40
134 5540 40
135 5580 40
136 5620 40
137 5660 40
138 5700 40
139 5740 40
140 5780 40
141 5820 40
142 5860 40
143 5900 40
144 5940 40
145 5980 40
146 6020 40
147 6060 40
148 6100 40
149 6140 40
150 6180 40
151 6220 40
152 6260 40
153 6300 40
154 6340 40
155 6380 40
156 6420 40
157 6460 40
158 6500 40
159 6540 100
160 6640 100
161 6740 100
162 6840 100
