0 0 100
1 100 100
2 200 100
3 300 50
4 350 50
5 400 50
6 450 50
7 500 50
8 550 50
9 600 50
10 650 50
11 700 50
12 750 50
13 800 50
14 850 50
15 900 50
16 950 50
17 1000 50
18 1050 50
19 1100 50
20 1150 50
21 1200 50
22 1250 50
23 1300 50
24 1350 50
25 1400 50
26 1450 50
27 1500 50
28 1550 50
29 1600 50
30 1650 50
31 1700 50
32 1750 50
33 1800 50
34 1850 50
35 1900 50
36 1950 50
37 2000 50
38 2050 50
39 2100 50
40 2150 50
41 2200 50
42 2250 50
43 2300 50
44 2350 50
45 2400 50
46 2450 50
47 2500 50
48 2550 50
49 2600 50
50 2650 50
51 2700 50
52 2750 50
53 2800 50
54 2850 50
55 2900 50
56 2950 50
57 3000 50
58 3050 50
59 3100 50
60 3150 50
61 3200 50
62 3250 50
63 3300 50
64 3350 50
65 3400 50
66 3450 50
67 3500 50
68 3550 50
69 3600 50
70 3650 50
71 3700 50
72 3750 50
73 3800 50
74 3850 50
75 3900 50
76 3950 50
77 4000 50
78 4050 50
79 4100 50
80 4150 50
81 4200 50
82 4250 50
83 4300 50
84 4350 50
85 4400 50
86 4450 50
87 4500 50
88 4550 50
89 4600 50
90 4650 50
91 4700 50
92 4750 50
93 4800 50
94 4850 50
95 4900 50
96 4950 50
97 5000 50
98 5050 50
99 5100 50
100 5150 50
101 5200 50
102 5250 50
103 5300 50
104 5350 50
105 5400 50
106 5450 50
107 5500 50
108 5550 50
109 5600 50
110 5650 50
111 5700 50
112 5750 50
113 5800 50
114 5850 50
115 5900 50
116 5950 50
117 6000 50
118 6050 50
119 6100 50
120 6150 50
121 6200 50
122 6250 50
123 6300 50
124 6350 50
125 6400 50
126 6450 50
