0 0 40
1 40 40
2 80 40
3 120 40
4 160 40
5 200 40
6 240 40
7 280 40
8 320 90
9 410 90
10 500 90
11 590 90
12 680 90
13 770 50
14 820 50
15 870 50
16 920 50
17 970 50
18 1020 40
19 1060 40
20 1100 40
21 1140 50
22 1190 40
23 1230 40
24 1270 50
25 1320 50
26 1370 50
27 1420 50
28 1470 50
29 1520 50
30 1570 50
31 1620 50
32 1670 50
33 1720 50
34 1770 50
35 1820 50
36 1870 50
37 1920 50
38 1970 50
39 2020 40
40 2060 40
41 2100 40
42 2140 50
43 2190 40
44 2230 40
45 2270 50
46 2320 50
47 2370 50
48 2420 50
49 2470 50
50 2520 50
51 2570 50
52 2620 50
53 2670 50
54 2720 50
55 2770 50
56 2820 50
57 2870 50
58 2920 90
59 3010 40
60 3050 40
61 3090 90
62 3180 40
63 3220 90
64 3310 90
65 3400 90
66 3490 90
67 3580 90
68 3670 90
69 3760 90
70 3850 90
71 3940 90
72 4030 40
73 4070 40
74 4110 90
75 4200 40
76 4240 90
77 4330 90
78 4420 90
79 4510 90
80 4600 90
81 4690 90
82 4780 90
83 4870 90
84 4960 90
85 5050 40
86 5090 40
87 5130 90
88 5220 40
89 5260 45
90 5305 45
91 5350 45
92 5395 90
93 5485 90
94 5575 90
95 5665 90
96 5755 90
97 5845 90
98 5935 90
99 6025 90
100 6115 40
101 6155 40
102 6195 90
103 6285 40
104 6325 90
105 6415 90
106 6505 90
107 6595 90
108 6685 90
109 6775 90
110 6865 90
111 6955 90
112 7045 90
113 7135 40
114 7175 40
115 7215 90
116 7305 40
117 7345 90
118 7435 90
119 7525 90
120 7615 90
121 7705 90
122 7795 90
123 7885 90
124 7975 90
125 8065 90
126 8155 40
127 8195 40
128 8235 90
129 8325 40
130 8365 45
131 8410 45
132 8455 45
133 8500 45
134 8545 45
135 8590 90
136 8680 90
137 8770 90
138 8860 90
139 8950 90
