0 0 100
1 100 100
2 200 100
3 300 40
4 340 40
5 380 40
6 420 40
7 460 40
8 500 40
9 540 40
10 580 40
11 620 40
12 660 40
13 700 40
14 740 40
15 780 40
16 820 40
17 860 40
18 900 40
19 940 40
20 980 40
21 1020 40
22 1060 40
23 1100 40
24 1140 40
25 1180 40
26 1220 40
27 1260 40
28 1300 40
29 1340 40
30 1380 40
31 1420 40
32 1460 40
33 1500 40
34 1540 40
35 1580 40
36 1620 40
37 1660 40
38 1700 40
39 1740 40
40 1780 40
41 1820 40
42 1860 40
43 1900 40
44 1940 40
45 1980 40
46 2020 40
47 2060 40
48 2100 40
49 2140 50
50 2190 50
51 2240 50
52 2290 50
